pve2-node/matsya:87507::1739849116:0.01:4:0.00446096654275093:0.000247831474597274:33613344768:1529970688:8589930496:0:72722055168:3236691968:400087667:338405539
pve2-storage/matsya/local-lvm:1739849116:151640866816:0
pve2.3-vm/100:0:VM 100:stopped:0:1739849116:1:U:2147483648:U:34359738368:0:U:U:U:U
pve2-storage/matsya/local:1739849116:72722055168:3236696064
